74.75 64.61 59.71 56.92 55.11 53.82 52.83 52.04 51.37 50.78 50.25 49.76 49.27 48.76 48.19 47.50 46.58 45.18 42.73 37.56 24.44  8.00  8.00  8.00  8.00  8.00  8.00  8.00  8.00  8.00  8.00
84.37 73.98 67.32 62.87 59.71 57.34 55.48 53.95 52.65 51.51 50.48 49.51 48.55 47.57 46.50 45.24 43.64 41.43 38.16 33.08 25.56 19.00  8.00  8.00  8.00  8.00  8.00  8.00  8.00  8.00  8.00
88.76 79.63 72.72 67.51 63.51 60.36 57.79 55.63 53.77 52.13 50.64 49.24 47.87 46.48 44.99 43.31 41.29 38.74 35.41 31.04 25.72 20.54 15.91  8.00  8.00  8.00  8.00  8.00  8.00  8.00  8.00
91.04 83.07 76.40 70.94 66.48 62.79 59.68 57.01 54.68 52.61 50.71 48.93 47.21 45.49 43.69 41.72 39.48 36.85 33.68 29.94 25.75 21.53 17.57 13.94  8.00  8.00  8.00  8.00  8.00  8.00  8.00
92.34 85.21 78.87 73.39 68.68 64.63 61.13 58.06 55.34 52.90 50.66 48.56 46.55 44.57 42.54 40.40 38.07 35.47 32.54 29.29 25.80 22.27 18.88 15.68 12.71  8.00  8.00  8.00  8.00  8.00  8.00
93.12 86.55 80.50 75.05 70.21 65.93 62.14 58.76 55.73 52.99 50.46 48.11 45.87 43.69 41.51 39.28 36.93 34.43 31.73 28.87 25.88 22.89 19.98 17.20 14.57 12.05  8.00  8.00  8.00  8.00  8.00
93.58 87.36 81.51 76.11 71.19 66.74 62.73 59.11 55.84 52.85 50.10 47.54 45.13 42.81 40.54 38.26 35.95 33.57 31.10 28.56 25.98 23.43 20.95 18.58 16.31 14.12 11.95  8.00  8.00  8.00  8.00
93.83 87.82 82.08 76.69 71.70 67.12 62.93 59.12 55.65 52.47 49.55 46.84 44.29 41.88 39.56 37.29 35.04 32.79 30.54 28.29 26.06 23.89 21.81 19.84 17.97 16.18 14.39 12.51  8.00  8.00  8.00
93.94 88.00 82.28 76.87 71.79 67.09 62.77 58.80 55.17 51.84 48.78 45.96 43.33 40.87 38.53 36.29 34.13 32.03 29.98 27.99 26.08 24.26 22.57 21.00 19.57 18.23 16.93 15.56 13.94  8.00  8.00
93.93 87.96 82.19 76.70 71.52 66.70 62.24 58.14 54.38 50.94 47.78 44.88 42.21 39.72 37.40 35.22 33.16 31.20 29.35 27.61 26.00 24.52 23.19 22.04 21.06 20.24 19.54 18.87 18.08 16.78  8.00
93.81 87.73 81.83 76.20 70.89 65.94 61.35 57.14 53.27 49.75 46.52 43.58 40.89 38.42 36.14 34.03 32.08 30.28 28.62 27.12 25.78 24.61 23.65 22.90 22.39 22.12 22.10 22.32 22.71 23.06 22.41
93.60 87.30 81.21 75.39 69.91 64.81 60.10 55.78 51.83 48.25 44.99 42.04 39.35 36.91 34.70 32.68 30.85 29.21 27.74 26.46 25.38 24.51 23.89 23.53 23.48 23.76 24.43 25.58 27.39 30.34 35.94
93.28 86.67 80.30 74.24 68.56 63.29 58.45 54.04 50.04 46.42 43.16 40.22 37.57 35.19 33.06 31.15 29.45 27.95 26.67 25.60 24.76 24.17 23.86 23.87 24.23 25.01 26.29 28.19 30.94 34.96 41.02
92.84 85.82 79.08 72.71 66.79 61.34 56.38 51.90 47.86 44.24 41.00 38.10 35.52 33.23 31.19 29.40 27.83 26.50 25.38 24.51 23.89 23.55 23.52 23.84 24.56 25.76 27.51 29.94 33.21 37.54 43.17
92.25 84.69 77.48 70.74 64.54 58.91 53.84 49.30 45.26 41.67 38.49 35.68 33.19 31.00 29.08 27.42 26.00 24.81 23.86 23.17 22.74 22.61 22.82 23.41 24.43 25.96 28.07 30.85 34.42 38.84 44.11
91.47 83.20 75.41 68.23 61.73 55.92 50.76 46.21 42.21 38.70 35.62 32.92 30.56 28.50 26.72 25.20 23.92 22.88 22.09 21.55 21.30 21.35 21.75 22.54 23.79 25.57 27.94 30.99 34.77 39.28 44.44
90.43 81.24 72.72 65.04 58.23 52.27 47.08 42.58 38.68 35.30 32.36 29.82 27.62 25.73 24.10 22.73 21.60 20.71 20.06 19.66 19.54 19.73 20.27 21.22 22.63 24.58 27.15 30.40 34.38 39.08 44.36
89.00 78.60 69.21 60.97 53.88 47.84 42.70 38.34 34.62 31.44 28.72 26.39 24.39 22.68 21.23 20.03 19.05 18.30 17.78 17.50 17.48 17.77 18.40 19.42 20.92 22.97 25.66 29.08 33.29 38.28 43.94
86.96 74.96 64.53 55.76 48.50 42.51 37.56 33.45 30.02 27.13 24.69 22.62 20.86 19.37 18.12 17.09 16.27 15.66 15.25 15.06 15.12 15.46 16.12 17.16 18.67 20.73 23.45 26.97 31.41 36.81 43.12
83.90 69.75 58.19 49.04 41.83 36.13 31.58 27.90 24.88 22.38 20.29 18.54 17.06 15.82 14.79 13.95 13.29 12.80 12.50 12.38 12.48 12.83 13.46 14.44 15.86 17.81 20.45 23.95 28.55 34.45 41.71
78.88 61.96 49.46 40.36 33.66 28.62 24.73 21.67 19.21 17.21 15.55 14.17 13.02 12.07 11.27 10.63 10.13  9.77  9.56  9.49  9.60  9.91 10.45 11.29 12.51 14.21 16.57 19.84 24.40 30.72 39.29
69.64 49.76 37.31 29.28 23.83 19.95 17.06 14.85 13.10 11.69 10.54  9.59  8.80  8.14  7.60  7.17  6.84  6.60  6.46  6.43  6.52  6.75  7.15  7.77  8.67  9.95 11.79 14.46 18.47 24.73 34.74
49.94 30.11 20.76 15.62 12.43 10.27  8.72  7.55  6.64  5.91  5.32  4.83  4.43  4.10  3.83  3.61  3.44  3.32  3.26  3.25  3.30  3.42  3.63  3.96  4.44  5.14  6.16  7.73 10.30 14.99 24.93